pos	G	A	T	C
0	0.188900	0.341650	0.306008	0.163442
1	0.183809	0.285642	0.311100	0.219450
2	0.193992	0.280550	0.275458	0.250000
3	0.153259	0.336558	0.270367	0.239817
4	0.153259	0.331466	0.290733	0.224542
5	0.127800	0.341650	0.295825	0.234725
6	0.117617	0.438391	0.239817	0.204175
7	0.107434	0.346741	0.214358	0.331466
8	0.143075	0.326375	0.316191	0.214358
9	0.163442	0.428208	0.178717	0.229633
10	0.127800	0.463849	0.188900	0.219450
11	0.219450	0.351833	0.234725	0.193992
12	0.158350	0.372200	0.173625	0.295825
13	0.168534	0.270367	0.295825	0.265275
14	0.265275	0.300916	0.295825	0.137984
15	0.137984	0.214358	0.387475	0.260183
16	0.117617	0.275458	0.112525	0.494399
17	0.158350	0.738798	0.081976	0.020876
18	0.132892	0.397658	0.204175	0.265275
19	0.158350	0.321283	0.112525	0.407841
20	0.000509	0.998473	0.000509	0.000509
21	0.000509	0.000509	0.998473	0.000509
22	0.998473	0.000509	0.000509	0.000509
23	0.392566	0.270367	0.214358	0.122709
24	0.178717	0.214358	0.148167	0.458758
25	0.219450	0.265275	0.336558	0.178717
26	0.306008	0.321283	0.153259	0.219450
27	0.173625	0.402749	0.153259	0.270367
28	0.250000	0.280550	0.244908	0.224542
29	0.362016	0.290733	0.148167	0.199084
30	0.250000	0.306008	0.193992	0.250000
31	0.209267	0.341650	0.209267	0.239817
32	0.336558	0.270367	0.178717	0.214358
