pos	G	A	T	C
0	0.205535	0.299366	0.277309	0.217789
1	0.276609	0.266455	0.239146	0.217789
2	0.235470	0.321249	0.236345	0.206936
3	0.209212	0.303393	0.271707	0.215689
4	0.275383	0.282561	0.237396	0.204660
5	0.237571	0.314596	0.242648	0.205185
6	0.208336	0.298491	0.281510	0.211662
7	0.267331	0.281685	0.233895	0.217089
8	0.237746	0.326150	0.235995	0.200109
9	0.209737	0.292539	0.290613	0.207111
10	0.268206	0.275033	0.239146	0.217614
11	0.230919	0.329826	0.235995	0.203260
12	0.202559	0.284311	0.295515	0.217614
13	0.264355	0.275383	0.237046	0.223216
14	0.241072	0.320723	0.231269	0.206936
15	0.207811	0.296215	0.289738	0.206236
16	0.282211	0.281685	0.222866	0.213238
17	0.249300	0.324925	0.235820	0.189955
18	0.196432	0.321424	0.275558	0.206586
19	0.319673	0.276259	0.191706	0.212363
20	0.000018	0.999947	0.000018	0.000018
21	0.000018	0.000018	0.999947	0.000018
22	0.999947	0.000018	0.000018	0.000018
23	0.249125	0.342956	0.221641	0.186279
24	0.180852	0.309170	0.285012	0.224967
25	0.299366	0.279235	0.216739	0.204660
26	0.237046	0.330352	0.238971	0.193631
27	0.199583	0.308644	0.272758	0.219015
28	0.274158	0.289913	0.227593	0.208336
29	0.231444	0.320198	0.254376	0.193982
30	0.197133	0.297266	0.295165	0.210437
31	0.272232	0.285712	0.229343	0.212713
32	0.226367	0.329301	0.236871	0.207461
