pos	G	A	T	C
0	0.241438	0.309932	0.327055	0.121575
1	0.155822	0.224315	0.309932	0.309932
2	0.155822	0.275685	0.361301	0.207192
3	0.121575	0.292808	0.309932	0.275685
4	0.121575	0.361301	0.292808	0.224315
5	0.121575	0.378425	0.207192	0.292808
6	0.070205	0.549658	0.241438	0.138699
7	0.070205	0.395548	0.104452	0.429795
8	0.018836	0.412671	0.395548	0.172945
9	0.104452	0.446918	0.207192	0.241438
10	0.053082	0.703767	0.155822	0.087329
11	0.258562	0.344178	0.172945	0.224315
12	0.087329	0.464041	0.138699	0.309932
13	0.035959	0.361301	0.258562	0.344178
14	0.224315	0.378425	0.275685	0.121575
15	0.053082	0.138699	0.481164	0.327055
16	0.001712	0.241438	0.018836	0.738014
17	0.001712	0.994863	0.001712	0.001712
18	0.070205	0.464041	0.275685	0.190068
19	0.070205	0.207192	0.053082	0.669521
20	0.001712	0.994863	0.001712	0.001712
21	0.001712	0.001712	0.994863	0.001712
22	0.994863	0.001712	0.001712	0.001712
23	0.412671	0.138699	0.275685	0.172945
24	0.172945	0.035959	0.053082	0.738014
25	0.104452	0.344178	0.429795	0.121575
26	0.446918	0.309932	0.087329	0.155822
27	0.155822	0.515411	0.070205	0.258562
28	0.292808	0.327055	0.241438	0.138699
29	0.549658	0.258562	0.138699	0.053082
30	0.344178	0.395548	0.018836	0.241438
31	0.104452	0.481164	0.275685	0.138699
32	0.361301	0.172945	0.155822	0.309932
