pos	G	A	T	C
0	0.140873	0.319444	0.299603	0.240079
1	0.160714	0.200397	0.299603	0.339286
2	0.121032	0.557540	0.121032	0.200397
3	0.101190	0.319444	0.359127	0.220238
4	0.121032	0.220238	0.299603	0.359127
5	0.061508	0.279762	0.279762	0.378968
6	0.220238	0.359127	0.160714	0.259921
7	0.041667	0.557540	0.279762	0.121032
8	0.041667	0.517857	0.240079	0.200397
9	0.200397	0.557540	0.121032	0.121032
10	0.061508	0.696429	0.160714	0.081349
11	0.160714	0.398810	0.240079	0.200397
12	0.140873	0.359127	0.140873	0.359127
13	0.041667	0.597222	0.200397	0.160714
14	0.180556	0.458333	0.200397	0.160714
15	0.160714	0.259921	0.279762	0.299603
16	0.001984	0.418651	0.001984	0.577381
17	0.001984	0.974206	0.001984	0.021825
18	0.041667	0.736111	0.101190	0.121032
19	0.279762	0.259921	0.041667	0.418651
20	0.001984	0.994048	0.001984	0.001984
21	0.001984	0.001984	0.994048	0.001984
22	0.994048	0.001984	0.001984	0.001984
23	0.517857	0.220238	0.121032	0.140873
24	0.101190	0.180556	0.081349	0.636905
25	0.339286	0.061508	0.299603	0.299603
26	0.438492	0.240079	0.140873	0.180556
27	0.180556	0.458333	0.160714	0.200397
28	0.259921	0.299603	0.240079	0.200397
29	0.398810	0.359127	0.041667	0.200397
30	0.021825	0.478175	0.279762	0.220238
31	0.240079	0.339286	0.180556	0.240079
32	0.378968	0.319444	0.001984	0.299603
