pos	G	A	T	C
0	0.191756	0.275388	0.281362	0.251493
1	0.233572	0.299283	0.245520	0.221625
2	0.185783	0.347073	0.251493	0.215651
3	0.179809	0.299283	0.311231	0.209677
4	0.191756	0.257467	0.245520	0.305257
5	0.191756	0.257467	0.287336	0.263441
6	0.161888	0.335125	0.233572	0.269415
7	0.191756	0.317204	0.305257	0.185783
8	0.191756	0.347073	0.245520	0.215651
9	0.185783	0.430705	0.197730	0.185783
10	0.149940	0.460573	0.161888	0.227599
11	0.197730	0.329152	0.251493	0.221625
12	0.197730	0.275388	0.215651	0.311231
13	0.120072	0.448626	0.221625	0.209677
14	0.233572	0.382915	0.233572	0.149940
15	0.209677	0.197730	0.281362	0.311231
16	0.179809	0.299283	0.084229	0.436679
17	0.120072	0.645759	0.114098	0.120072
18	0.161888	0.448626	0.179809	0.209677
19	0.335125	0.203704	0.090203	0.370968
20	0.000597	0.998208	0.000597	0.000597
21	0.000597	0.000597	0.998208	0.000597
22	0.998208	0.000597	0.000597	0.000597
23	0.376941	0.275388	0.197730	0.149940
24	0.209677	0.173835	0.197730	0.418757
25	0.388889	0.120072	0.263441	0.227599
26	0.347073	0.251493	0.191756	0.209677
27	0.179809	0.257467	0.245520	0.317204
28	0.227599	0.203704	0.275388	0.293309
29	0.299283	0.245520	0.203704	0.251493
30	0.132019	0.251493	0.370968	0.245520
31	0.299283	0.221625	0.215651	0.263441
32	0.281362	0.281362	0.143967	0.293309
