pos	G	A	T	C
0	0.223824	0.249594	0.269559	0.257023
1	0.315527	0.203162	0.204555	0.276756
2	0.235432	0.299508	0.237986	0.227074
3	0.212448	0.269095	0.260737	0.257719
4	0.322027	0.213145	0.195501	0.269327
5	0.250755	0.302294	0.237057	0.209895
6	0.211520	0.258184	0.266541	0.263755
7	0.332474	0.220574	0.198751	0.248201
8	0.250058	0.309955	0.237057	0.202930
9	0.213841	0.263523	0.268399	0.254237
10	0.323188	0.216395	0.194804	0.265613
11	0.233575	0.313902	0.241236	0.211288
12	0.216395	0.255862	0.272577	0.255166
13	0.327367	0.218252	0.182964	0.271417
14	0.252380	0.302294	0.242861	0.202466
15	0.203394	0.273274	0.276756	0.246576
16	0.337814	0.208502	0.195269	0.258416
17	0.255166	0.312509	0.246576	0.185750
18	0.227539	0.279542	0.260041	0.232878
19	0.359869	0.202233	0.142104	0.295793
20	0.000023	0.999930	0.000023	0.000023
21	0.000023	0.000023	0.999930	0.000023
22	0.999930	0.000023	0.000023	0.000023
23	0.258416	0.304383	0.230092	0.207109
24	0.197126	0.276060	0.267934	0.258880
25	0.339671	0.217092	0.191090	0.252147
26	0.246111	0.312509	0.241468	0.199912
27	0.209198	0.262827	0.260737	0.267238
28	0.331081	0.222663	0.197590	0.248665
29	0.242165	0.316920	0.247272	0.193643
30	0.214538	0.264220	0.272577	0.248665
31	0.332242	0.217092	0.199912	0.250755
32	0.240772	0.318545	0.249826	0.190858
